neruons_12_learn_0,05_act_tansig_out_logsig_algo_traincgf	0,04738	0,01209	0,04990	0,01271	0,03961	0,00784	0,9672911925	0,0060503582	0,9662061903	0,0057594838
neruons_12_learn_0,05_act_tansig_out_logsig_algo_traincgp	0,04562	0,00750	0,04889	0,00849	0,03510	0,00602	0,9720411356	0,0050059635	0,9703877447	0,0083079341
neruons_12_learn_0,05_act_tansig_out_logsig_algo_traingda	0,04559	0,00819	0,04784	0,00891	0,03888	0,00317	0,9683249886	0,0050599174	0,9673384160	0,0032889914
neruons_12_learn_0,05_act_tansig_out_logsig_algo_traingdm	0,06822	0,00481	0,06864	0,00458	0,05575	0,00625	0,9600776627	0,0080038533	0,9626098088	0,0040659870
neruons_12_learn_0,05_act_tansig_out_logsig_algo_traingdx	0,04072	0,00631	0,04178	0,00702	0,04086	0,00424	0,9669978949	0,0067379884	0,9677344106	0,0068726074
neruons_12_learn_0,05_act_tansig_out_logsig_algo_trainlm	0,02422	0,00163	0,02982	0,00217	0,03685	0,00439	0,9686879836	0,0037125845	0,9696079882	0,0043222527
neruons_12_learn_0,05_act_tansig_out_logsig_algo_trainoss	0,04295	0,00979	0,04588	0,01039	0,03959	0,00626	0,9694156805	0,0064373165	0,9710881315	0,0043201392
neruons_12_learn_0,05_act_tansig_out_logsig_algo_trainrp	0,03316	0,00377	0,03530	0,00471	0,03673	0,00344	0,9718619140	0,0027922278	0,9711191397	0,0030778024
neruons_12_learn_0,05_act_tansig_out_logsig_algo_trainscg	0,03513	0,00790	0,03727	0,00826	0,03660	0,00346	0,9715825558	0,0056687141	0,9717799841	0,0058991104
neruons_27_learn_0,05_act_tansig_out_logsig_algo_traincgf	0,03845	0,01087	0,04157	0,01099	0,03077	0,00593	0,9741610719	0,0051405175	0,9726408170	0,0058972788
neruons_27_learn_0,05_act_tansig_out_logsig_algo_traincgp	0,03046	0,00877	0,03396	0,00987	0,02543	0,00290	0,9715563837	0,0046667327	0,9708779017	0,0038277794
neruons_27_learn_0,05_act_tansig_out_logsig_algo_traingda	0,03469	0,00482	0,03659	0,00536	0,03380	0,00471	0,9668195266	0,0067366653	0,9662793013	0,0071447866
neruons_27_learn_0,05_act_tansig_out_logsig_algo_traingdm	0,06441	0,00429	0,06482	0,00416	0,05413	0,00602	0,9623119595	0,0054355284	0,9573002959	0,0103059528
neruons_27_learn_0,05_act_tansig_out_logsig_algo_traingdx	0,03108	0,00188	0,03295	0,00230	0,03156	0,00185	0,9699146563	0,0054185901	0,9699886208	0,0054562958
neruons_27_learn_0,05_act_tansig_out_logsig_algo_trainlm	0,01192	0,00220	0,01853	0,00312	0,02708	0,00151	0,9812383364	0,0066528942	0,9814087392	0,0063808120
neruons_27_learn_0,05_act_tansig_out_logsig_algo_trainoss	0,03961	0,01239	0,04272	0,01228	0,02976	0,00450	0,9705937073	0,0057277498	0,9705826127	0,0057074589
neruons_27_learn_0,05_act_tansig_out_logsig_algo_trainrp	0,02001	0,00264	0,02263	0,00220	0,02765	0,00235	0,9742353209	0,0095374438	0,9740731680	0,0093958142
neruons_27_learn_0,05_act_tansig_out_logsig_algo_trainscg	0,02200	0,00605	0,02633	0,00636	0,02695	0,00336	0,9678490555	0,0091755202	0,9678752276	0,0091149286
neruons_5_learn_0,1_act_tansig_out_logsig_algo_traincgf	0,06165	0,01129	0,06318	0,01061	0,04921	0,00823	0,9627705394	0,0092037551	0,9609697883	0,0091953818
neruons_5_learn_0,1_act_tansig_out_logsig_algo_traincgp	0,05657	0,01083	0,05969	0,01071	0,04474	0,00723	0,9683138939	0,0075310512	0,9664087392	0,0096596950
neruons_5_learn_0,1_act_tansig_out_logsig_algo_traingda	0,05982	0,00500	0,06155	0,00539	0,05192	0,00573	0,9654466318	0,0055355759	0,9651644288	0,0065742171
neruons_5_learn_0,1_act_tansig_out_logsig_algo_traingdm	0,06201	0,00392	0,06290	0,00391	0,05231	0,00459	0,9642657601	0,0076420523	0,9612084661	0,0065308555
neruons_5_learn_0,1_act_tansig_out_logsig_algo_traingdx	0,05770	0,00743	0,05884	0,00753	0,04820	0,00588	0,9650076809	0,0044829001	0,9663643605	0,0043285777
neruons_5_learn_0,1_act_tansig_out_logsig_algo_trainlm	0,04325	0,00359	0,04707	0,00369	0,04921	0,00517	0,9671623236	0,0093412563	0,9670653163	0,0093922204
neruons_5_learn_0,1_act_tansig_out_logsig_algo_trainoss	0,05592	0,00746	0,05713	0,00788	0,04847	0,00570	0,9658656691	0,0063536179	0,9648287437	0,0038717752
neruons_5_learn_0,1_act_tansig_out_logsig_algo_trainrp	0,05276	0,00413	0,05535	0,00505	0,05003	0,00872	0,9651766614	0,0085785810	0,9648836482	0,0082011873
neruons_5_learn_0,1_act_tansig_out_logsig_algo_trainscg	0,05910	0,02465	0,06201	0,02671	0,06125	0,04120	0,9605143377	0,0240848195	0,9632012403	0,0157227334
neruons_5_learn_0,2_act_tansig_out_logsig_algo_traincgf	0,06111	0,00643	0,06304	0,00686	0,04555	0,00675	0,9633537210	0,0105435532	0,9655720869	0,0045331076
neruons_5_learn_0,2_act_tansig_out_logsig_algo_traincgp	0,05955	0,00980	0,06227	0,00966	0,04488	0,00422	0,9664184115	0,0086210931	0,9645525148	0,0080719717
neruons_5_learn_0,2_act_tansig_out_logsig_algo_traingda	0,06022	0,00442	0,06134	0,00415	0,04880	0,00524	0,9668041648	0,0053421028	0,9655632681	0,0040034953
neruons_5_learn_0,2_act_tansig_out_logsig_algo_traingdm	0,06001	0,00290	0,06123	0,00326	0,05079	0,00583	0,9629531748	0,0062604619	0,9635332271	0,0067720928
neruons_5_learn_0,2_act_tansig_out_logsig_algo_traingdx	0,05581	0,00638	0,05730	0,00609	0,05198	0,00407	0,9635807351	0,0028466345	0,9624795175	0,0024193400
neruons_5_learn_0,2_act_tansig_out_logsig_algo_trainlm	0,04523	0,00274	0,04865	0,00405	0,04969	0,00593	0,9647758307	0,0058900253	0,9649624488	0,0059305876
neruons_5_learn_0,2_act_tansig_out_logsig_algo_trainoss	0,06091	0,00547	0,06331	0,00573	0,04192	0,00700	0,9692956304	0,0062120789	0,9699175011	0,0052380909
neruons_5_learn_0,2_act_tansig_out_logsig_algo_trainrp	0,05150	0,00552	0,05408	0,00621	0,04682	0,00533	0,9687713359	0,0038683362	0,9671813837	0,0054246440
neruons_5_learn_0,2_act_tansig_out_logsig_algo_trainscg	0,04990	0,00511	0,05215	0,00593	0,04749	0,00717	0,9660576923	0,0058285861	0,9660941056	0,0057952756
neruons_5_learn_0,3_act_tansig_out_logsig_algo_traincgf	0,05994	0,00957	0,06266	0,00994	0,05135	0,00936	0,9637989304	0,0086617141	0,9635750455	0,0076189563
neruons_5_learn_0,3_act_tansig_out_logsig_algo_traincgp	0,05419	0,00784	0,05632	0,00877	0,04390	0,00631	0,9683449021	0,0046972341	0,9671523669	0,0070604678
neruons_5_learn_0,3_act_tansig_out_logsig_algo_traingda	0,06252	0,00531	0,06372	0,00547	0,04769	0,00672	0,9649007169	0,0056478097	0,9614115840	0,0052411806
neruons_5_learn_0,3_act_tansig_out_logsig_algo_traingdm	0,05788	0,00391	0,05909	0,00350	0,05267	0,00444	0,9647169436	0,0051059870	0,9671466773	0,0054261753
neruons_5_learn_0,3_act_tansig_out_logsig_algo_traingdx	0,05750	0,00651	0,05876	0,00615	0,05316	0,00307	0,9612426036	0,0034541945	0,9621580564	0,0051955360
neruons_5_learn_0,3_act_tansig_out_logsig_algo_trainlm	0,04386	0,00394	0,04600	0,00239	0,04767	0,00412	0,9672405553	0,0067000096	0,9672937528	0,0067607203
neruons_5_learn_0,3_act_tansig_out_logsig_algo_trainoss	0,05978	0,00559	0,06179	0,00590	0,04593	0,00727	0,9672692877	0,0055452937	0,9660207101	0,0064567892
neruons_5_learn_0,3_act_tansig_out_logsig_algo_trainrp	0,05019	0,00410	0,05186	0,00438	0,04655	0,00482	0,9693101388	0,0059377946	0,9678664087	0,0063411631
neruons_5_learn_0,3_act_tansig_out_logsig_algo_trainscg	0,04969	0,00570	0,05146	0,00571	0,04991	0,00462	0,9677298589	0,0062671697	0,9673059854	0,0063917244
neruons_5_learn_0,7_act_tansig_out_logsig_algo_traincgf	0,06329	0,00973	0,06442	0,01072	0,04770	0,00733	0,9637653619	0,0090651411	0,9645889281	0,0074840871
neruons_5_learn_0,7_act_tansig_out_logsig_algo_traincgp	0,06315	0,00834	0,06572	0,00814	0,04314	0,00786	0,9692959149	0,0079867095	0,9701476445	0,0070924336
neruons_5_learn_0,7_act_tansig_out_logsig_algo_traingda	0,06081	0,00544	0,06150	0,00591	0,04707	0,00474	0,9645243514	0,0068332457	0,9636857078	0,0067200152
neruons_5_learn_0,7_act_tansig_out_logsig_algo_traingdm	0,05187	0,00339	0,05316	0,00354	0,04896	0,00321	0,9655655439	0,0059426316	0,9646520824	0,0048381135
neruons_5_learn_0,7_act_tansig_out_logsig_algo_traingdx	0,05881	0,00774	0,06064	0,00794	0,04489	0,00524	0,9686182863	0,0051047877	0,9689565316	0,0042650891
neruons_5_learn_0,7_act_tansig_out_logsig_algo_trainlm	0,04450	0,00407	0,04869	0,00308	0,04786	0,00562	0,9706295517	0,0049535730	0,9697627447	0,0056593168
neruons_5_learn_0,7_act_tansig_out_logsig_algo_trainoss	0,08250	0,07145	0,08504	0,07084	0,04686	0,00709	0,9680902936	0,0065852298	0,8772618912	0,2904703363
neruons_5_learn_0,7_act_tansig_out_logsig_algo_trainrp	0,04852	0,00239	0,05020	0,00280	0,05022	0,00199	0,9666724511	0,0057410736	0,9667054506	0,0057007202
neruons_5_learn_0,7_act_tansig_out_logsig_algo_trainscg	0,05802	0,01291	0,06043	0,01317	0,04755	0,01146	0,9618974738	0,0132752568	0,9656693787	0,0069142272
