neruons_12_learn_0.05_act_tansig_out_logsig_algo_traincgf	0,06931	0,01163	0,10256	0,01736	0,05629	0,01018	0,9232234297	0,0139241915	0,9214750228	0,0157780282
neruons_12_learn_0.05_act_tansig_out_logsig_algo_traincgp	0,06061	0,00818	0,09709	0,00749	0,04498	0,00599	0,9232880064	0,0125806479	0,9228305644	0,0107684281
neruons_12_learn_0.05_act_tansig_out_logsig_algo_traingda	0,05955	0,00477	0,08793	0,00645	0,05919	0,00605	0,9301081020	0,0108956438	0,9332965407	0,0063808201
neruons_12_learn_0.05_act_tansig_out_logsig_algo_traingdm	0,06896	0,00570	0,09180	0,00861	0,05597	0,00566	0,9234552799	0,0242277797	0,9315873919	0,0118455474
neruons_12_learn_0.05_act_tansig_out_logsig_algo_traingdx	0,05459	0,00616	0,08744	0,00619	0,05429	0,00904	0,9302924442	0,0151010895	0,9320055758	0,0156064189
neruons_12_learn_0.05_act_tansig_out_logsig_algo_trainlm	0,02469	0,00296	0,12914	0,01741	0,03990	0,00747	0,9346324533	0,0095874899	0,9325102412	0,0089643020
neruons_12_learn_0.05_act_tansig_out_logsig_algo_trainoss	0,06886	0,01175	0,09768	0,00998	0,05403	0,01435	0,9208995221	0,0126869606	0,9230393719	0,0150988865
neruons_12_learn_0.05_act_tansig_out_logsig_algo_trainrp	0,05571	0,00375	0,08895	0,00448	0,04874	0,00404	0,9290680473	0,0148939085	0,9272604688	0,0211984179
neruons_12_learn_0.05_act_tansig_out_logsig_algo_trainscg	0,05486	0,01362	0,08849	0,01229	0,04421	0,00577	0,9286447428	0,0212545891	0,9370582044	0,0087148726
neruons_27_learn_0.05_act_tansig_out_logsig_algo_traincgf	0,05970	0,00995	0,09435	0,00472	0,04792	0,00953	0,9107345244	0,0187725257	0,9132305416	0,0154743928
neruons_27_learn_0.05_act_tansig_out_logsig_algo_traincgp	0,05625	0,02279	0,10244	0,01491	0,03990	0,00650	0,9297752617	0,0080674350	0,9253043924	0,0167535001
neruons_27_learn_0.05_act_tansig_out_logsig_algo_traingda	0,05227	0,00776	0,08415	0,00416	0,05461	0,00507	0,9330052344	0,0057377324	0,9315077378	0,0064084931
neruons_27_learn_0.05_act_tansig_out_logsig_algo_traingdm	0,06778	0,00471	0,09008	0,00564	0,05414	0,00933	0,9259985207	0,0156917306	0,9205922849	0,0162683530
neruons_27_learn_0.05_act_tansig_out_logsig_algo_traingdx	0,05233	0,00615	0,08615	0,00929	0,04433	0,00597	0,9282055075	0,0161136219	0,9219532317	0,0168137533
neruons_27_learn_0.05_act_tansig_out_logsig_algo_trainlm	0,01976	0,00144	0,13101	0,01232	0,03536	0,00455	0,9299755348	0,0095626799	0,9290139964	0,0087014156
neruons_27_learn_0.05_act_tansig_out_logsig_algo_trainoss	0,05925	0,01651	0,09471	0,01096	0,04865	0,00811	0,9281540168	0,0149823964	0,9239872553	0,0127458331
neruons_27_learn_0.05_act_tansig_out_logsig_algo_trainrp	0,04826	0,00584	0,08841	0,00589	0,04387	0,00631	0,9347826582	0,0097733084	0,9244651798	0,0121153064
neruons_27_learn_0.05_act_tansig_out_logsig_algo_trainscg	0,06742	0,05822	0,11184	0,05233	0,04356	0,01039	0,9117768548	0,0314792778	0,9188925239	0,0380817706
neruons_5_learn_0.1_act_tansig_out_logsig_algo_traincgf	0,07914	0,01290	0,10082	0,01481	0,06027	0,01574	0,9135818730	0,0296748956	0,9183710742	0,0188594137
neruons_5_learn_0.1_act_tansig_out_logsig_algo_traincgp	0,07450	0,01485	0,09999	0,01572	0,05710	0,01217	0,9059774693	0,0260537696	0,9044916363	0,0225887745
neruons_5_learn_0.1_act_tansig_out_logsig_algo_traingda	0,06860	0,00736	0,08593	0,00383	0,06378	0,00683	0,9310667956	0,0264965206	0,9388205508	0,0086552720
neruons_5_learn_0.1_act_tansig_out_logsig_algo_traingdm	0,07503	0,00708	0,08823	0,00378	0,05706	0,00994	0,9228373919	0,0196165016	0,9185184342	0,0237103609
neruons_5_learn_0.1_act_tansig_out_logsig_algo_traingdx	0,07258	0,00713	0,08687	0,00463	0,05623	0,00786	0,9202247383	0,0199675141	0,9257931270	0,0211413085
neruons_5_learn_0.1_act_tansig_out_logsig_algo_trainlm	0,04138	0,00464	0,11032	0,01291	0,05332	0,01048	0,9413711880	0,0085217076	0,9358056441	0,0178497429
neruons_5_learn_0.1_act_tansig_out_logsig_algo_trainoss	0,08025	0,01689	0,09878	0,01536	0,06384	0,01253	0,9220738507	0,0215044170	0,9174004324	0,0227112057
neruons_5_learn_0.1_act_tansig_out_logsig_algo_trainrp	0,06620	0,00785	0,08718	0,00583	0,05443	0,00803	0,9268786982	0,0176574767	0,9240680473	0,0133171602
neruons_5_learn_0.1_act_tansig_out_logsig_algo_trainscg	0,06686	0,01067	0,08903	0,00821	0,05516	0,01047	0,9183383591	0,0252091641	0,9162943787	0,0289293290
neruons_5_learn_0.2_act_tansig_out_logsig_algo_traincgf	0,08510	0,01222	0,09988	0,01500	0,07036	0,02106	0,9096077037	0,0110018187	0,8952932977	0,0220007129
neruons_5_learn_0.2_act_tansig_out_logsig_algo_traincgp	0,07171	0,00738	0,09827	0,00904	0,05066	0,00651	0,9061353550	0,0215404745	0,9128854688	0,0185079709
neruons_5_learn_0.2_act_tansig_out_logsig_algo_traingda	0,06686	0,00613	0,08436	0,00374	0,06209	0,00293	0,9363205508	0,0116565883	0,9339588075	0,0126474440
neruons_5_learn_0.2_act_tansig_out_logsig_algo_traingdm	0,06854	0,00713	0,08322	0,00476	0,05012	0,00475	0,9308545744	0,0234582752	0,9189104461	0,0188845305
neruons_5_learn_0.2_act_tansig_out_logsig_algo_traingdx	0,07497	0,00580	0,09022	0,01030	0,05712	0,00806	0,9236390533	0,0184922574	0,9245875057	0,0232187800
neruons_5_learn_0.2_act_tansig_out_logsig_algo_trainlm	0,04322	0,00698	0,11282	0,01774	0,05128	0,00723	0,9437232590	0,0099346482	0,9437756031	0,0098692741
neruons_5_learn_0.2_act_tansig_out_logsig_algo_trainoss	0,07655	0,01315	0,09368	0,01003	0,07056	0,02319	0,9179523213	0,0185189092	0,9206133364	0,0162074702
neruons_5_learn_0.2_act_tansig_out_logsig_algo_trainrp	0,06537	0,00570	0,08739	0,00437	0,05274	0,00987	0,9227218935	0,0200092547	0,9246085571	0,0197440650
neruons_5_learn_0.2_act_tansig_out_logsig_algo_trainscg	0,06578	0,00658	0,08717	0,00398	0,05151	0,00746	0,9251769458	0,0181349958	0,9293957670	0,0148453114
neruons_5_learn_0.3_act_tansig_out_logsig_algo_traincgf	0,07915	0,01410	0,10401	0,01468	0,06362	0,02647	0,9100659991	0,0201989457	0,9110397701	0,0236317362
neruons_5_learn_0.3_act_tansig_out_logsig_algo_traincgp	0,08331	0,03458	0,10253	0,03228	0,07527	0,06553	0,9132126195	0,0250482614	0,9164130064	0,0265140256
neruons_5_learn_0.3_act_tansig_out_logsig_algo_traingda	0,07050	0,00692	0,08884	0,00794	0,06377	0,00819	0,9351120847	0,0094398634	0,9286709149	0,0152032272
neruons_5_learn_0.3_act_tansig_out_logsig_algo_traingdm	0,07131	0,00687	0,08569	0,00503	0,05433	0,00719	0,9303277196	0,0229245794	0,9291016158	0,0228882438
neruons_5_learn_0.3_act_tansig_out_logsig_algo_traingdx	0,07185	0,00548	0,08799	0,00904	0,05865	0,00935	0,9301524807	0,0164533146	0,9354403732	0,0081172783
neruons_5_learn_0.3_act_tansig_out_logsig_algo_trainlm	0,04458	0,00506	0,10480	0,01513	0,05456	0,00842	0,9366545289	0,0130816101	0,9369185253	0,0135949794
neruons_5_learn_0.3_act_tansig_out_logsig_algo_trainoss	0,07684	0,01064	0,09275	0,01065	0,05715	0,00927	0,9098890533	0,0209490069	0,9262935253	0,0213547988
neruons_5_learn_0.3_act_tansig_out_logsig_algo_trainrp	0,06314	0,00592	0,08763	0,00676	0,05466	0,01042	0,9330951297	0,0165570175	0,9231076468	0,0226781747
neruons_5_learn_0.3_act_tansig_out_logsig_algo_trainscg	0,06805	0,00661	0,08641	0,00594	0,04833	0,00459	0,9295015931	0,0219934639	0,9214366181	0,0222274046
neruons_5_learn_0.7_act_tansig_out_logsig_algo_traincgf	0,08593	0,02093	0,09961	0,01850	0,06688	0,03849	0,9086023555	0,0325234201	0,9055405098	0,0275890892
neruons_5_learn_0.7_act_tansig_out_logsig_algo_traincgp	0,08332	0,03775	0,09843	0,03263	0,07274	0,07578	0,9081116295	0,0192539367	0,9075273100	0,0234281033
neruons_5_learn_0.7_act_tansig_out_logsig_algo_traingda	0,06882	0,00644	0,08663	0,00441	0,06902	0,00711	0,9391283569	0,0105832947	0,9316192535	0,0206295508
neruons_5_learn_0.7_act_tansig_out_logsig_algo_traingdm	0,06995	0,00436	0,08409	0,00551	0,05710	0,00636	0,9337528448	0,0133303635	0,9375164998	0,0090104828
neruons_5_learn_0.7_act_tansig_out_logsig_algo_traingdx	0,07055	0,00647	0,08880	0,00743	0,05698	0,00711	0,9222911925	0,0178087015	0,9197769686	0,0165262300
neruons_5_learn_0.7_act_tansig_out_logsig_algo_trainlm	0,04192	0,00769	0,10371	0,01402	0,05102	0,00932	0,9448617433	0,0081225918	0,9456201639	0,0090071727
neruons_5_learn_0.7_act_tansig_out_logsig_algo_trainoss	0,08326	0,01244	0,09891	0,01920	0,05923	0,01426	0,9030427856	0,0241158213	0,9133013769	0,0228656458
neruons_5_learn_0.7_act_tansig_out_logsig_algo_trainrp	0,06695	0,00385	0,09448	0,00653	0,05976	0,01220	0,9261418980	0,0165724064	0,9308380746	0,0169995063
neruons_5_learn_0.7_act_tansig_out_logsig_algo_trainscg	0,06633	0,01193	0,08775	0,00348	0,05451	0,00681	0,9200386891	0,0252056419	0,9252452208	0,0241597586
