neruons_12_learn_0,05_act_tansig_out_logsig_algo_traincgf	0,06706	0,00848	0,44307	0,01357	0,12028	0,14316	0,7577011265	0,2422068034	0,6204645539	0,3346157503
neruons_12_learn_0,05_act_tansig_out_logsig_algo_traincgp	0,06498	0,00711	0,45366	0,01317	0,12814	0,13291	0,7193528107	0,3299138036	0,7717242262	0,2216713231
neruons_12_learn_0,05_act_tansig_out_logsig_algo_traingda	0,33073	0,17245	0,32131	0,25241	0,22959	0,26566	0,5447818047	0,2660124273	0,5690993400	0,3164193344
neruons_12_learn_0,05_act_tansig_out_logsig_algo_traingdm	0,27875	0,16132	0,45538	0,18894	0,31576	0,30758	0,6496028675	0,2483866345	0,6374189235	0,3324578999
neruons_12_learn_0,05_act_tansig_out_logsig_algo_traingdx	0,34140	0,13100	0,46574	0,12385	0,43177	0,18907	0,4553749431	0,2225087460	0,4412659308	0,2876376516
neruons_12_learn_0,05_act_tansig_out_logsig_algo_trainlm	0,03036	0,00368	0,47739	0,00774	0,06003	0,02102	0,8435306668	0,1607046101	0,8143374488	0,2371573535
neruons_12_learn_0,05_act_tansig_out_logsig_algo_trainoss	0,08727	0,01631	0,45100	0,02428	0,14676	0,13422	0,7981870164	0,2187915516	0,7907097747	0,3056042690
neruons_12_learn_0,05_act_tansig_out_logsig_algo_trainrp	0,06021	0,00784	0,43046	0,01141	0,13409	0,11663	0,8786706304	0,0878374540	0,7146611857	0,3361142547
neruons_12_learn_0,05_act_tansig_out_logsig_algo_trainscg	0,06615	0,00600	0,42452	0,00661	0,17144	0,14352	0,5328223145	0,3695042631	0,6284854347	0,2981840283
neruons_27_learn_0,05_act_tansig_out_logsig_algo_traincgf	0,06659	0,00889	0,45301	0,01272	0,07738	0,07402	0,8428851843	0,2571562530	0,8126476445	0,2462975021
neruons_27_learn_0,05_act_tansig_out_logsig_algo_traincgp	0,05778	0,00777	0,44747	0,01264	0,16071	0,15026	0,6206127674	0,3063281689	0,6806614133	0,2989975278
neruons_27_learn_0,05_act_tansig_out_logsig_algo_traingda	0,24935	0,12305	0,38487	0,20876	0,26208	0,25076	0,6394725762	0,2967991528	0,6618118457	0,3139812607
neruons_27_learn_0,05_act_tansig_out_logsig_algo_traingdm	0,35217	0,13828	0,31079	0,24546	0,24788	0,26554	0,6204844675	0,2400631104	0,4689457214	0,2884401408
neruons_27_learn_0,05_act_tansig_out_logsig_algo_traingdx	0,25243	0,15669	0,45608	0,15233	0,29682	0,22037	0,6434017979	0,2910749284	0,6766422963	0,2623352918
neruons_27_learn_0,05_act_tansig_out_logsig_algo_trainlm	0,02339	0,00278	0,47603	0,00562	0,14174	0,13508	0,6700881884	0,3128535451	0,6246609012	0,2995968088
neruons_27_learn_0,05_act_tansig_out_logsig_algo_trainoss	0,08030	0,01044	0,45427	0,02141	0,11598	0,09632	0,7636993628	0,2650478279	0,8386999317	0,2196413062
neruons_27_learn_0,05_act_tansig_out_logsig_algo_trainrp	0,05463	0,00575	0,43372	0,00617	0,09315	0,08811	0,8841963473	0,1221771742	0,8013825671	0,3155532179
neruons_27_learn_0,05_act_tansig_out_logsig_algo_trainscg	0,07383	0,02783	0,43924	0,02249	0,13783	0,09483	0,7159925467	0,2570494885	0,7022655894	0,2312638951
neruons_5_learn_0,1_act_tansig_out_logsig_algo_traincgf	0,07532	0,00603	0,44023	0,01964	0,11846	0,08511	0,7753208921	0,2501581951	0,7181747838	0,3002416628
neruons_5_learn_0,1_act_tansig_out_logsig_algo_traincgp	0,07236	0,00503	0,43981	0,01875	0,14863	0,12423	0,7177964269	0,2686274335	0,6951268776	0,3054285435
neruons_5_learn_0,1_act_tansig_out_logsig_algo_traingda	0,25385	0,16591	0,31250	0,17054	0,16482	0,18926	0,7416232362	0,2585315666	0,6141920801	0,3055369199
neruons_5_learn_0,1_act_tansig_out_logsig_algo_traingdm	0,34609	0,15297	0,48803	0,20565	0,41836	0,25897	0,4603373919	0,3137781272	0,5808531520	0,3334496831
neruons_5_learn_0,1_act_tansig_out_logsig_algo_traingdx	0,39288	0,13598	0,42120	0,26568	0,39779	0,30721	0,5197246245	0,2983521290	0,4767515362	0,2336510178
neruons_5_learn_0,1_act_tansig_out_logsig_algo_trainlm	0,04716	0,00384	0,45488	0,00730	0,10781	0,06477	0,8389650660	0,1604948383	0,7902588757	0,2542896960
neruons_5_learn_0,1_act_tansig_out_logsig_algo_trainoss	0,08159	0,00859	0,44427	0,01977	0,14399	0,15417	0,7552742376	0,3108690013	0,6944865157	0,3389277889
neruons_5_learn_0,1_act_tansig_out_logsig_algo_trainrp	0,07204	0,00906	0,41960	0,01143	0,16203	0,15330	0,6366175467	0,3042706624	0,6574305872	0,3031099539
neruons_5_learn_0,1_act_tansig_out_logsig_algo_trainscg	0,07244	0,00749	0,42432	0,01842	0,14728	0,12446	0,8074229062	0,1255100474	0,6947584775	0,3037743451
neruons_5_learn_0,2_act_tansig_out_logsig_algo_traincgf	0,07812	0,00916	0,44427	0,02016	0,08829	0,04875	0,7527699704	0,2796267527	0,7732006714	0,2463167277
neruons_5_learn_0,2_act_tansig_out_logsig_algo_traincgp	0,07338	0,00555	0,44880	0,01603	0,10632	0,10904	0,7068721552	0,2681422321	0,6186692080	0,2844215663
neruons_5_learn_0,2_act_tansig_out_logsig_algo_traingda	0,31230	0,16520	0,46759	0,24700	0,37214	0,32588	0,5502221780	0,2708232752	0,4528760810	0,2991507003
neruons_5_learn_0,2_act_tansig_out_logsig_algo_traingdm	0,32765	0,12512	0,26637	0,18643	0,19349	0,17030	0,5919028789	0,2764235713	0,5040330564	0,3000350997
neruons_5_learn_0,2_act_tansig_out_logsig_algo_traingdx	0,30840	0,15085	0,38938	0,18409	0,32031	0,25278	0,6558881429	0,1976991052	0,5217575102	0,3544394385
neruons_5_learn_0,2_act_tansig_out_logsig_algo_trainlm	0,04475	0,00316	0,45896	0,00790	0,06476	0,02652	0,8683508762	0,1317232700	0,7748987255	0,2713178767
neruons_5_learn_0,2_act_tansig_out_logsig_algo_trainoss	0,09449	0,01892	0,43845	0,03490	0,11618	0,10027	0,8627859012	0,0928461777	0,7433926946	0,3018963590
neruons_5_learn_0,2_act_tansig_out_logsig_algo_trainrp	0,06904	0,00764	0,42494	0,01212	0,10922	0,10868	0,7444785503	0,3339030569	0,8094555075	0,2513131939
neruons_5_learn_0,2_act_tansig_out_logsig_algo_trainscg	0,07351	0,00977	0,42666	0,01409	0,08997	0,07207	0,8700910332	0,0980420797	0,7679403732	0,2836375653
neruons_5_learn_0,3_act_tansig_out_logsig_algo_traincgf	0,08848	0,03195	0,45195	0,04280	0,10801	0,11474	0,7315373236	0,3103753474	0,8175369822	0,1884583703
neruons_5_learn_0,3_act_tansig_out_logsig_algo_traincgp	0,06930	0,00571	0,43770	0,01594	0,16036	0,12063	0,7115307806	0,3040746263	0,6895610492	0,3355933222
neruons_5_learn_0,3_act_tansig_out_logsig_algo_traingda	0,19776	0,11254	0,34201	0,14300	0,15405	0,15695	0,6535747610	0,2680134508	0,5980538803	0,2936827170
neruons_5_learn_0,3_act_tansig_out_logsig_algo_traingdm	0,27159	0,11927	0,45377	0,16820	0,33339	0,23943	0,6633457556	0,2613845405	0,6226172053	0,2521991717
neruons_5_learn_0,3_act_tansig_out_logsig_algo_traingdx	0,31381	0,12590	0,43837	0,17801	0,34447	0,23185	0,5605498976	0,2891857455	0,4255763541	0,2719646931
neruons_5_learn_0,3_act_tansig_out_logsig_algo_trainlm	0,04748	0,00228	0,45684	0,00418	0,09271	0,03930	0,8017358898	0,2583175667	0,7603999772	0,2543940321
neruons_5_learn_0,3_act_tansig_out_logsig_algo_trainoss	0,11974	0,05901	0,43894	0,06872	0,20322	0,17099	0,7648571916	0,1722037598	0,6540128584	0,3191654026
neruons_5_learn_0,3_act_tansig_out_logsig_algo_trainrp	0,06999	0,00808	0,42608	0,00910	0,07766	0,02051	0,7403433660	0,3478108953	0,8666027538	0,1685742451
neruons_5_learn_0,3_act_tansig_out_logsig_algo_trainscg	0,07041	0,00531	0,42528	0,01497	0,09041	0,03846	0,7288794379	0,3051563023	0,7888620847	0,2274642241
neruons_5_learn_0,7_act_tansig_out_logsig_algo_traincgf	0,07161	0,00783	0,44319	0,01111	0,10151	0,06600	0,8492819754	0,1351326475	0,8041528220	0,1792193518
neruons_5_learn_0,7_act_tansig_out_logsig_algo_traincgp	0,07324	0,00418	0,45356	0,01091	0,20000	0,17353	0,7008286868	0,2960644155	0,5174266045	0,3389401234
neruons_5_learn_0,7_act_tansig_out_logsig_algo_traingda	0,25273	0,12846	0,44260	0,20425	0,31687	0,26647	0,6715208239	0,2667941162	0,4766164087	0,3368838037
neruons_5_learn_0,7_act_tansig_out_logsig_algo_traingdm	0,31466	0,08790	0,47520	0,23397	0,40514	0,25649	0,4679272872	0,3217241645	0,5223000114	0,2141555265
neruons_5_learn_0,7_act_tansig_out_logsig_algo_traingdx	0,27020	0,11913	0,44035	0,20337	0,31370	0,25356	0,6597158056	0,2303917239	0,4710739076	0,2564767320
neruons_5_learn_0,7_act_tansig_out_logsig_algo_trainlm	0,04541	0,00230	0,46238	0,00364	0,09752	0,06993	0,7288879722	0,3236210760	0,7030669663	0,2938689086
neruons_5_learn_0,7_act_tansig_out_logsig_algo_trainoss	0,10283	0,02046	0,44650	0,04979	0,16825	0,14834	0,6548014338	0,3187726993	0,6471546427	0,3179291514
neruons_5_learn_0,7_act_tansig_out_logsig_algo_trainrp	0,07175	0,00872	0,42688	0,00996	0,14341	0,15565	0,6843701639	0,2607932047	0,5406631202	0,3347371676
neruons_5_learn_0,7_act_tansig_out_logsig_algo_trainscg	0,07451	0,01434	0,42198	0,01760	0,11326	0,08093	0,7417213814	0,2283411000	0,6445033000	0,2715446700
